1709556170347 4.887559165132761 0
1709556200315 12.135645979121229 0
1709556224682 9.13846602885165 0
1709556242665 6.723963375465174 0
1709556259714 6.306944890157747 0
1709556279075 7.031454438245226 0
1709556299769 8.231545095874242 0
1709556325264 7.738483502681479 0
1709556351887 5.6128014537468145 0
1709556371394 7.201784459540661 0
1709556390473 4.526547295040248 0
1709556408654 8.415738988465547 0
1709556425305 4.393099286215652 0
1709556441514 4.732522035616927 0
1709556456406 6.090100327739546 0
1709556473445 5.161516288457122 0
1709556505545 7.727270699519686 0
1709556529615 4.835712812476133 0
1709556554249 4.200325924428983 0
1709556576016 6.854401704005388 0
1709556593318 5.859020357151561 0
1709556609644 4.158462768552418 0
1709556625609 6.681609229931889 0
1709556641070 7.135573602576663 0
1709556656423 6.323835315774308 0
1709556674377 5.784460283263185 0
1709556697220 9.459499035206049 0
1709556730598 7.530584663556662 0
1709556755293 7.411521723511955 0
1709556783472 6.950714282417208 0
1709556811442 4.547363937335895 0
