1709683948122 5.273696021199926 0
1709683964307 1.6368797191497586 0
1709683980873 7.657093920030454 0
1709683997510 2.9122535481327327 0
1709684014071 4.6050759009755105 0
1709684030300 3.1226137001409193 0
1709684047701 2.2585375426210605 0
1709684063318 3.342587772831723 0
1709684079057 1.8532520605860543 0
1709684095931 9.363534888584251 0
1709684111485 7.445507812107651 0
1709684126662 10.778652626852708 0
1709684140471 6.718940476856121 0
1709684155221 9.522100648763175 0
1709684171044 1.7524457880435849 0
1709684187493 1.5598314982842534 0
1709684207424 4.924654323608401 0
1709684225216 3.5074363070076218 0
1709684242207 8.984342093410486 0
1709684262160 8.175800405299176 0
1709684284523 3.3879907447732083 0
1709684303032 3.288707454893554 0
1709684316930 3.9543757034793394 0
1709684335605 2.4577190082698803 0
1709684352139 4.479162432807195 0
1709684368943 6.158338724451329 0
1709684384314 4.943381184740572 0
1709684400959 8.413939274858638 0
1709684416570 11.39724773083715 0
1709684432960 6.325279860072257 0
1709684448841 2.7263685973481224 0
1709684463413 10.968818883292847 0
1709684476947 9.983434280940138 0
1709684492311 0.9004899596197212 0
1709684509823 10.449057541476675 0
1709684525802 1.3329725020465855 0
1709684542143 6.9683377205694725 0
1709684555861 7.127997305920113 0
1709684571718 4.229271741019027 0
1709684588058 8.243275444155703 0
1709684602226 5.251192461118708 0
1709684619524 5.096183246451599 0
1709684636657 12.379240944432858 0
1709684667599 3.4027763844135426 0
