1709683212086 2.691130115546663 0
1709683230846 4.073733413783216 0
1709683247109 4.574393221802003 0
1709683260966 6.702871597198801 0
1709683274325 5.11537130424131 0
1709683290127 4.796815359043219 0
1709683307287 4.677208523778082 0
1709683325054 6.399478997060611 0
1709683341671 8.796680140575464 0
1709683358529 3.801915471638246 0
1709683373765 3.3886881609467823 0
1709683390475 4.9028133751297815 0
1709683406515 7.09619249595163 0
1709683422465 5.947872710326471 0
1709683439056 3.8171629512857774 0
1709683453623 5.296159992724318 0
1709683466508 5.875107094273222 0
1709683481448 1.9622792640602051 0
1709683498107 2.765921601212875 0
1709683514351 6.0598751199965175 0
1709683529809 4.522160705885963 0
1709683547482 7.303104095198276 0
1709683565191 5.6765839918810235 0
1709683588881 10.374711556280975 0
1709683607343 3.8737946457198316 0
1709683623990 4.9905545556723565 0
1709683638072 7.259073804766131 0
1709683652400 10.436592630471269 0
1709683668797 10.44825520952774 0
1709683685179 5.024181082462325 0
1709683700828 4.829038607045519 0
1709683717160 9.418099414329571 0
1709683732804 6.07638637873071 0
1709683749288 2.5669670734271484 0
1709683764568 9.755019650155983 0
1709683779606 13.797470810527352 0
1709683794721 10.257494167280582 0
1709683811630 12.434995913477358 0
1709683830289 9.68244152198994 0
1709683846731 4.051094942389737 0
1709683863816 8.742406619848191 0
1709683879639 8.804135296133879 0
1709683894571 8.625573782336044 0
1709683908126 10.434005358636615 0
