1709681330769 8.097487815757153 0
1709681359753 5.158113004340634 0
1709681380517 6.501992018863463 0
1709681407698 9.199501865066258 0
1709681451785 8.910918014113058 0
1709681509507 5.596400531138156 0
1709681544745 3.9617246213204744 0
1709681590113 5.6574420561727425 0
1709681643874 5.09818937164284 0
1709681731130 3.9954546818955605 0
1709681817125 7.376797404662374 0
1709681855298 5.186159404467605 0
1709681873031 9.828058169807454 0
1709681892928 5.172860492081656 0
1709681917630 8.712339838627036 0
1709681937662 8.085812190477343 0
1709681961201 6.061170397153017 0
1709681981199 6.760270144943417 0
1709682000438 9.931960088864601 0
1709682018748 10.191102015358315 0
1709682037743 6.576749074569859 0
1709682054777 5.521504265877065 0
1709682080224 8.473889265052987 0
1709682102162 6.093951200775966 0
1709682125603 8.717939281154921 0
1709682151896 3.353551225513605 0
1709682174183 7.558178441385691 0
1709682190299 6.960979548865657 0
1709682207572 5.440797393939041 0
1709682223759 8.297539681961705 0
1709682239225 8.574454863218188 0
1709682255758 6.03075509429091 0
1709682271378 2.8644157440877853 0
1709682286833 14.940463626185572 0
1709682301322 6.19739910923273 0
1709682314923 9.142017743856702 0
1709682330615 17.76426236561602 0
1709682348287 5.532196046610577 0
1709682364319 69.2633761383278 0
1709682380660 6.936685680502134 0
1709682397450 6.42828324048235 0
1709682413222 3.830127485217028 0
1709682427660 18.11240301375062 0
1709682440760 5.2899634195029295 0
