1709682484715 4.040361084214645 0
1709682501276 7.3005380853720965 0
1709682517922 4.256614047219972 0
1709682534345 5.792873048652962 0
1709682548297 5.263232851942065 0
1709682564884 6.556917348925717 0
1709682580742 40.27541331767841 0
1709682596938 6.753443422074844 0
1709682613295 6.962853991668004 0
1709682630862 7.61352215672611 0
1709682647308 5.230646285770947 0
1709682662791 4.1926563941894965 0
1709682677032 6.134487482013778 0
1709682692262 4.5713656236229765 0
1709682709286 5.259301253102976 0
1709682726923 6.055659397488529 0
1709682744966 3.7726610858669387 0
1709682760657 5.648225174899762 0
1709682776976 33.70223800818937 0
1709682790753 6.551646488057189 0
1709682807003 9.050689968630486 0
1709682823490 5.377326513213814 0
1709682841156 4.327555371717535 0
1709682857686 10.700331195661635 0
1709682874003 9.053020949573472 0
1709682892018 6.842999382046021 0
1709682908529 6.244059248604996 0
1709682922664 5.8087522338453725 0
1709682937196 12.930441887377734 0
1709682951191 7.449910490406362 0
1709682966475 10.415048660019266 0
1709682983217 3.996745679977896 0
1709682999046 8.741559205501767 0
1709683016591 7.128607381916692 0
1709683032581 6.327931182409605 0
1709683048736 8.241880433354599 0
1709683063661 6.494239884419604 0
1709683077350 5.380275612890599 0
1709683092747 7.971286092276031 0
1709683108615 9.358028303696408 0
1709683124720 12.384017043407455 0
1709683141048 8.608095814061643 0
1709683156437 4.076043474023969 0
1709683170862 4.905891899471393 0
