1709561815155 7.425756552525159 0
1709561840721 5.664697072221087 0
1709561858516 5.384253529376556 0
1709561875517 9.189395326469214 0
1709561891091 9.410248573558487 0
1709561905913 7.917285757655248 0
1709561921348 6.610723160372159 0
1709561935369 8.383703145587173 0
1709561949709 6.8460373503108105 0
1709561970677 6.534751366583224 0
1709561991609 6.988002236564013 0
1709562294451 6.4744042904639905 0
1709562312600 6.123005199594191 0
1709562333070 4.554011437326126 0
1709562348757 11.145331642132984 0
1709562362608 7.009732211668021 0
1709562375706 5.713363438529984 0
1709562389448 4.021731287444805 0
1709562403068 4.905282729385225 0
1709562416582 6.488479329743544 0
1709562431049 9.281381945969072 0
1709562444372 5.424302948493806 0
1709562457732 5.553745562034555 0
1709562477011 7.128706551758545 0
1709562496862 6.871647452666664 0
1709562521182 5.551735957421663 0
1709562539057 4.166515798766007 0
1709562555528 5.583954229012819 0
1709562572656 8.404904301526773 0
1709562589276 6.254744454889038 0
1709562604311 8.490515126651937 0
1709562618776 4.043456418348591 0
1709562632939 8.726561793245404 0
1709562647273 5.867517510886094 0
1709562660652 5.6947004595713455 0
1709562673936 6.604688416241431 0
1709562687169 10.423505705305823 0
1709562703813 9.602345662403474 0
1709562723815 5.180366322626803 0
1709562743613 4.569949090345946 0
1709562763180 7.816981996280794 0
1709562780539 3.3095838769954438 0
1709562796775 6.449612628544339 0
1709562812234 8.8651624632777 0
