1709562850082 6.7385751023483795 0
1709562863934 7.975014278326851 0
1709562878451 5.598623663195378 0
1709562894990 4.800782593327036 0
1709562908781 4.700534382940537 0
1709562924109 8.179086383371784 0
1709562944261 3.392843416498926 0
1709562965247 5.370187988969468 0
1709562985807 3.2422083042756165 0
1709563005416 5.621604165684138 0
1709563022169 7.565765247201347 0
1709563038447 9.760064487303728 0
1709563053863 4.857538407263085 0
1709563069405 4.737338321730433 0
1709563084980 3.2086356569127816 0
1709563099391 4.483187192469504 0
1709563113848 5.07930684483762 0
1709563129158 2.695073789170382 0
1709563145034 6.90934336172393 0
1709563164970 8.514443554860813 0
1709563185313 5.4148753759912704 0
1709563205841 9.078723846272736 0
1709563223638 8.22981406687722 0
1709563240627 7.465908910784176 0
1709563258658 7.220823551269645 0
1709563274670 3.5148872604252643 0
1709563290258 7.171443127492585 0
1709563306796 6.369283682655094 0
1709563325641 4.736263992630981 0
1709563345683 8.073546045935155 0
1709563366237 3.8008728013507187 0
