1709124251965 5.906672219999696 0
1709124263186 6.209167600474348 0
1709124274721 6.671031793111645 0
1709124286888 6.095337335256003 0
1709124304131 7.1335488052526 0
1709124322472 5.0275706504009365 0
1709124338618 7.989042334385705 0
1709124357556 8.364383438962452 0
1709124375469 5.5588168673077725 0
1709124388502 8.296375197259662 0
1709124402235 5.106738152939462 0
1709124417888 4.689123583235178 0
1709124431380 5.198413646830438 0
1709124443970 5.344316591208975 0
1709124458343 7.283035123515129 0
1709124479323 8.683303887546531 0
1709124499095 5.100819409184657 0
1709124515511 6.541544021863713 0
1709124528905 3.7674515871511898 0
1709124541509 5.735534024649773 0
1709124553815 8.490782774096694 0
1709124566189 8.483204653268272 0
1709124580782 8.36424448638279 0
1709124594990 7.229811880577229 0
1709124615850 7.292260214163535 0
1709124631625 6.169851025097339 0
1709124649364 8.763229413070961 0
1709124662654 11.201920008996204 0
1709124677767 6.935658754552944 0
1709124691225 5.250851990239964 0
1709124703148 3.0616175258366 0
1709124722625 6.94292097818503 0
1709124737833 5.397272416348031 0
1709124752685 3.993663535056605 0
1709124767742 9.040746597946155 0
1709124784137 9.321019053461715 0
1709124798013 6.79228461215209 0
1709124811043 6.322527570824395 0
1709124830203 6.377351390066425 0
1709124848155 7.218583605746164 0
1709124860746 4.102679340512583 0
1709124871945 2.515811565583184 0
1709124885308 3.8963964639691255 0
1709124898438 7.794019066636412 0
