1709123513247 5.286468605481322 0
1709123536901 3.873358882665316 0
1709123555350 4.102701032189842 0
1709123570800 4.311498625419009 0
1709123591207 8.914228353530358 0
1709123607991 5.9517971195355965 0
1709123623524 7.713883912869215 0
1709123639914 7.619570669909366 0
1709123658514 6.26364070732185 0
1709123683667 6.552761300216733 0
1709123697015 6.01718043108343 0
1709123709298 6.38225286911294 0
1709123721066 19.328687130521356 0
1709123732436 7.020156041017004 0
1709123743809 6.493172339010195 0
1709123755337 4.754753073434273 0
1709123769597 6.051532060257061 0
1709123787907 4.731318316045822 0
1709123809765 3.9989924994888755 0
1709123827459 3.785703467084382 0
1709123841845 8.083894565279863 0
1709123855742 7.400461978147245 0
1709123868483 6.448444156498331 0
1709123881598 8.382934948138363 0
1709123893310 5.170470919501261 0
1709123909672 8.350655389010415 0
1709123922469 3.6819140349765362 0
1709123937367 6.889082408999289 0
1709123964474 6.455894416194522 0
1709123986855 7.769316080824189 0
1709124005914 22.063412885047086 0
1709124020314 7.544488696509953 0
1709124033628 5.089573350305296 0
1709124047732 7.772942140897204 0
1709124063107 5.27876524692841 0
1709124076260 7.374760117315558 0
1709124087671 5.137759148901562 0
1709124100752 6.574384030695752 0
1709124113115 7.292594669337527 0
1709124132311 5.438161990242009 0
1709124153006 15.42947499431694 0
1709124170638 7.154482223768008 0
1709124187000 9.167949522203527 0
1709124200036 5.695556293353623 0
