1709552596059 3.8441237234514842 0
1709552616793 8.093786257684474 0
1709552637643 8.106538601275252 0
1709552664061 13.270622290559341 0
1709552689982 5.713742315058043 0
1709552707391 5.5854564534729665 0
1709552723811 7.20561583648116 0
1709552739919 4.706652349173974 0
1709552755353 3.3354580588646083 0
1709552773930 4.686502219440296 0
1709552788515 7.817830988127303 0
1709552804633 5.816170552829139 0
1709552819027 5.662413240442918 0
1709552834818 4.895392673887845 0
1709552859057 4.10701533233606 0
1709552891427 5.206457297589263 0
1709552926022 1.8413278511372475 0
1709552955525 5.269927015696974 0
1709552979782 5.298831321234156 0
1709553003764 4.4852991001368565 0
1709553025727 6.831683986842371 0
1709553047866 6.246576090903551 0
1709553079082 6.722601256433461 0
1709553115703 7.565829661223765 0
1709553146623 7.027490299129223 0
1709553173644 8.056144010702482 0
1709553201912 8.577528127466215 0
1709553224170 5.173923923130148 0
1709553248964 10.181598338650442 0
1709553284630 8.33528843658938 0
1709553325060 11.73350651679623 0
1709553358164 7.97008801204822 0
1709553385669 2.8879989770203194 0
1709553416314 4.026735008590679 0
1709553440605 8.150809330931676 0
1709553464415 6.494781170403115 0
1709553498132 13.111750167879478 0
1709553538262 7.288366270743797 0
1709553569152 6.875922129057627 0
1709553598208 3.559536256958721 0
1709553624802 7.143979102124163 0
1709553650640 8.221502000026584 0
1709553675159 12.311892923089436 0
1709553708065 6.089732667225424 0
