1709551370368 5.60185127562613 0
1709551404007 10.123319803334493 0
1709551429790 6.894377737320022 0
1709551457999 5.557656921711655 0
1709551485949 8.020113609508316 0
1709551507139 7.278548934660515 0
1709551532701 5.358036751951561 0
1709551899064 7.643366437132963 0
1709551915293 16.307692692190766 0
1709551926896 10.588816375865667 0
1709551939246 4.839695699837398 0
1709551951959 9.245149659711176 0
1709551964376 6.584361353493241 0
1709551976817 5.099321596144457 0
1709551989471 7.157344231267654 0
1709552002443 6.360869307159496 0
1709552017773 5.754937276278774 0
1709552034142 5.398515322553461 0
1709552060718 6.513615595971054 0
1709552090205 7.49253565340075 0
1709552121420 8.81757778417575 0
1709552145374 8.025714093257564 0
1709552169634 3.1956679493037274 0
1709552186671 5.5596503411128575 0
1709552203454 6.074006362168969 0
1709552219987 4.363992195054826 0
1709552236068 6.19993236612126 0
1709552254551 6.6687485433688725 0
1709552275124 6.578441332367361 0
1709552298535 4.75101909736424 0
1709552318980 5.479357063891211 0
1709552337600 7.377737051070226 0
1709552355894 7.029649368585907 0
1709552372316 4.098954272037812 0
1709552387816 7.23174796381499 0
1709552402585 6.428605874889328 0
1709552417187 10.59128906974077 0
1709552431048 11.104264825936033 0
1709552444724 5.797671760628743 0
1709552459445 4.958410666355402 0
1709552479523 2.8342823883418213 0
1709552499792 5.659733378214463 0
1709552518425 4.617978115915425 0
1709552534854 7.432326028971572 0
