1709553824166 7.211284495685484 0
1709553850750 12.908104829596958 0
1709553879475 6.246053305986065 0
1709553913363 7.047228242499525 0
1709553943819 6.095521453286002 0
1709553969846 7.194708366002266 0
1709553995569 6.13613053059842 0
1709554022448 4.435345135676089 0
1709554047902 4.195980746592256 0
1709554097826 4.303830011350609 0
1709554132707 6.915748195062734 0
1709554167151 5.860898880013357 0
1709554197438 14.855844288978536 0
1709554227098 6.7216549181379035 0
1709554269137 9.036909900792557 0
1709554301902 9.04280786863429 0
1709554333503 10.982699867156146 0
1709554358411 4.1794390781223845 0
1709554383575 5.425350141424399 0
1709554414931 4.167309902101334 0
1709554463419 6.682402554679991 0
1709554501995 8.33155358696454 0
1709554539105 4.370369945337793 0
1709554569463 2.4962493898101346 0
1709554597887 5.615337558091403 0
1709554631336 11.35516181428343 0
1709554663338 2.869116223197135 0
1709554696989 7.044720701151452 0
1709554721604 10.731296255930687 0
1709554744914 4.2960260244961646 0
1709554776139 6.819009435668959 0
1709554820242 3.985606644786327 0
1709554845847 5.9682239651373274 0
1709554872959 10.72139961090217 0
1709554899227 10.064554605230068 0
1709554922790 9.378190268832203 0
1709554946663 11.199079375987049 0
1709554978403 6.152107371992729 0
1709555015659 4.3408521262375555 0
1709555055275 7.741096613126542 0
1709555082810 5.157506393842687 0
1709555106463 7.295869977059418 0
1709555130763 3.075616749086414 0
1709555156007 8.274882529447256 0
