1709517851864 10.584304233261927 0
1709517888869 10.03346077843065 0
1709517922888 14.148575589027196 0
1709517946758 7.974987774749403 0
1709517968533 4.248871750998393 0
1709517991328 8.800063220520007 0
1709518017894 7.483052296679983 0
1709518044092 9.773977163201545 0
1709518064722 6.994164878621688 0
1709518084727 7.265718943774862 0
1709518103981 6.499023277778413 0
1709518122711 7.133751893006349 0
1709518146210 4.531357484354676 0
1709518168171 5.631434887394396 0
1709518188182 5.071843994684299 0
1709518211550 6.518904021838934 0
1709518233580 19.29530755209559 0
1709518255073 9.277916963605607 0
1709518278544 9.544570760617225 0
1709518302348 3.5216553995854567 0
1709518322371 8.590820649457967 0
1709518343047 6.768510326572747 0
1709518363338 6.68084260015665 0
1709518382892 7.640048640080461 0
1709518402315 4.833555809733783 0
1709518423299 7.532016146500639 0
1709518447395 6.308933021569485 0
1709518472204 5.7602036937582755 0
1709518498784 4.552610339078697 0
1709518527023 3.6453123156498792 0
1709518554692 8.12374809232688 0
1709518581517 4.353811944333037 0
1709518607533 7.067324357490234 0
1709518633846 4.556807820170205 0
1709518659991 8.271664406560852 0
1709518684480 6.6628844404793846 0
1709518707614 4.335169399649423 0
1709518735020 5.698348574023119 0
1709518762009 7.984419337085603 0
1709518786791 6.184994721310355 0
1709518813298 5.673869365853461 0
1709518841694 6.595661682165231 0
1709518868839 4.67363546853871 0
1709518887900 5.719073846449575 0
