1709499720068 7.203296264304823 0
1709499797057 6.761104608558431 0
1709499851879 6.124301448858559 0
1709499900034 4.074546564692812 0
1709499949596 4.553548741403316 0
1709499995193 4.322218204530276 0
1709500063859 5.4524558783250585 0
1709500129429 4.706614184284607 0
1709500180123 3.0052246060450734 0
1709500247704 4.94233592579382 0
1709500342471 6.641431205426836 0
1709500412905 7.019926327575633 0
1709500467719 4.286939836128101 0
1709500511897 11.109680987300282 0
1709500554281 13.503514942562528 0
1709500592447 5.208636958742759 0
1709500642304 5.95749945098509 0
1709500687626 4.101352011088701 0
1709500734879 4.776401473492871 0
1709500773448 6.2988361726553785 0
1709500811622 10.99149484956746 0
1709500852072 11.891444663902247 0
1709500893075 7.152584785049519 0
1709500935491 8.701538320445366 0
1709500978480 7.1286486203482955 0
1709501015713 12.73499968250197 0
1709501051788 7.352091591988091 0
1709501089165 8.375273159615853 0
1709501127103 9.9601617624433 0
1709501181725 7.153816218876435 0
1709501235253 12.5767203306793 0
1709501286104 5.646409410283099 0
1709501335190 9.085143136758475 0
1709501413450 5.9132621595286015 0
1709501492141 8.734266529529483 0
1709501580587 11.222221899071048 0
1709501671061 6.504098829485195 0
1709501724269 7.632057944161059 0
1709501774059 10.260102503929778 0
1709501811545 6.279815449617514 0
1709501850842 12.861257188378792 0
1709501899321 8.506998806593934 0
1709501951703 5.388664815126727 0
1709501985935 7.8546153712341535 0
