1709496611770 8.825736101994595 0
1709496712588 3.768828824529792 0
1709496805310 5.575903536459712 0
1709496923863 9.936034338167307 0
1709497044080 6.109833103988673 0
1709497157920 8.54099197928501 0
1709497237807 8.696850947513136 0
1709497312458 4.1550017148374945 0
1709497371887 8.96448180678751 0
1709497440172 6.280237220344532 0
1709497515835 6.234978728219752 0
1709497590846 6.4272015426511055 0
1709497656300 7.4592987619764095 0
1709497711013 5.2900083512309966 0
1709497771525 11.123754014080442 0
1709497821933 4.7041747554953 0
1709497868298 7.19209026145546 0
1709497911576 4.948640907711324 0
1709497953744 7.226555694451799 0
1709497992374 6.873280721398009 0
1709498028530 3.598496422696074 0
1709498068764 2.95369563315658 0
1709498108462 6.136328011751362 0
1709498148631 6.693536487966934 0
1709498185757 4.43561384751951 0
1709498227600 4.78506443705247 0
1709498267994 9.730277180378385 0
1709498305527 5.398361316226279 0
1709498342891 6.136672913136077 0
1709498384282 4.434571613938445 0
1709498420332 7.050032604429426 0
1709498459316 7.4931811755896 0
1709498520868 6.551930010646839 0
1709498605402 3.9274523051027783 0
1709498683708 4.599306285581265 0
1709498796124 6.229125408247513 0
1709498952758 6.774752244005197 0
1709499052593 3.353244081378588 0
1709499161863 5.774889797938633 0
1709499235314 5.236397113988249 0
1709499303101 8.95217302849907 0
1709499352843 3.6836563804709916 0
1709499405171 5.94220023990099 0
1709499496605 5.74056062604274 0
