1709503832259 6.4726730372191374 0
1709503874144 4.536092467098982 0
1709503907523 9.01140486933278 0
1709503942296 2.1437213038586993 0
1709503978899 6.642097143661826 0
1709504015199 1.9518957800649146 0
1709504050512 2.5976876842948027 0
1709504084902 3.8699198182969172 0
1709504128520 2.1384312013895688 0
1709504161698 5.456600453439133 0
1709504199675 5.1146009409198925 0
1709504267510 2.58606594613722 0
1709504338188 6.475751124240217 0
1709504384438 5.734640032868845 0
1709504453035 3.2863944834922085 0
1709504536066 4.3605182229178645 0
1709504626955 3.7454458268279884 0
1709504674226 4.1227321081356 0
1709504729148 4.351645562885975 0
1709504799626 7.519388747252402 0
1709504869885 5.593059356638024 0
1709504907762 4.310254451914495 0
1709504951616 3.9122717275234975 0
1709504991203 3.54806875046417 0
1709505034656 5.223327227111575 0
1709505100003 4.885370554456027 0
1709505173281 4.398192350074251 0
1709505220665 5.593147019433012 0
1709505279888 5.543039546438373 0
1709505337833 4.591554797569934 0
1709505421019 4.2906396062035475 0
1709505465030 17.162032156585248 0
1709505490314 7.718973225655829 0
1709505521250 5.834401149208653 0
1709505557757 7.813150349573786 0
1709505589997 6.428248416023691 0
1709505620977 8.075843398989864 0
1709505647400 7.279527211757568 0
1709505683024 10.432582267286376 0
1709505718328 7.162647069678085 0
1709505740803 3.1456194197323426 0
1709505763719 5.645620440280037 0
1709505788073 18.030356760167354 0
1709505814504 2.607942901416126 0
