1709502127401 6.969080198028883 0
1709502164880 5.662282656965759 0
1709502202308 6.007230501847881 0
1709502238764 8.11011587427617 0
1709502275723 4.152034194000903 0
1709502309400 7.465840472237512 0
1709502346336 8.13701174654327 0
1709502383233 3.100939416563028 0
1709502418511 6.081999278940315 0
1709502451634 4.449152623559021 0
1709502485255 5.047102423762355 0
1709502518748 5.416231299162661 0
1709502560389 6.1105020867675135 0
1709502595551 4.790488465373242 0
1709502630209 6.846500563429002 0
1709502673488 5.4571684188529 0
1709502713399 6.177498443597615 0
1709502755024 4.582022711562103 0
1709502794240 7.127568385496189 0
1709502829703 6.883768172461084 0
1709502863611 6.279219383729154 0
1709502898613 4.9070563286978555 0
1709502934465 6.28256497257581 0
1709502972397 6.613134726104886 0
1709503012286 7.259346801760305 0
1709503046916 5.355873050174656 0
1709503084616 17.07180030011531 0
1709503120385 5.951784259557429 0
1709503154783 3.905168509880824 0
1709503189076 6.335787061198931 0
1709503230078 4.110330849980656 0
1709503269767 6.674130550633136 0
1709503303322 4.447840539744013 0
1709503337882 10.781815966341771 0
1709503377869 5.350734946290224 0
1709503416400 7.409961370808521 0
1709503450278 5.931149584691646 0
1709503480164 5.881205219979446 0
1709503517701 5.287289081145495 0
1709503555330 8.087899829645753 0
1709503592912 7.491185709834248 0
1709503638132 5.276210056011747 0
1709503671420 3.774167550092428 0
1709503703082 14.449645423989555 0
