1709122485305 5.675239667888877 0
1709122504092 6.39458678413876 0
1709122519484 11.924433799515532 0
1709122532084 6.321793717895896 0
1709122549851 4.54944937752981 0
1709122565044 5.39381824000645 0
1709122581068 10.355247245434507 0
1709122599264 3.5565262793616377 0
1709122612796 7.770382144566633 0
1709122625535 7.30687781025447 0
1709122638229 6.495510324306742 0
1709122650748 5.807331705761464 0
1709122663017 10.827380578136445 0
1709122674526 7.042615303565948 0
1709122686494 6.301497503901813 0
1709122702912 7.454229253050106 0
1709122716946 5.425306067753929 0
1709122735554 7.877408974011888 0
1709122753573 7.208026577437266 0
1709122767899 4.673892539980435 0
1709122782502 4.999247081742929 0
1709122796145 5.066643801268986 0
1709122811996 5.293275319242004 0
1709122829843 17.716453693463716 0
1709122845118 9.196357237526868 0
1709122864957 8.803032112998247 0
1709122880922 7.893752214518911 0
1709122897071 5.555712147127116 0
1709122915591 8.298489580299494 0
1709122937347 9.961851347661792 0
1709122952438 8.455796929380412 0
1709122971108 5.580215731335378 0
1709122986870 17.201837031664216 0
1709123003399 10.260323911691097 0
1709123017983 7.38046097328517 0
1709123035736 5.26466759669043 0
1709123055663 6.634971632353359 0
1709123079559 5.252389266572588 0
1709123106692 8.081532122386164 0
1709123124102 3.823186554490326 0
1709123138748 7.712996783432456 0
1709123154426 4.9347500954586945 0
1709123170351 5.484688990446292 0
1709123183224 8.926766220221195 0
