1709515744123 8.121931673551968 0
1709515764206 7.494011564802533 0
1709515783925 3.317117215287453 0
1709515804694 1.384295457230245 0
1709515824213 3.007506458825926 0
1709515842935 4.4128235193649 0
1709515863126 2.5215831816918017 0
1709515882797 5.8009911977721424 0
1709515903314 5.460239699531777 0
1709515923754 1.3870690826959142 0
1709515944743 6.054104994381447 0
1709515965407 8.729542756136293 0
1709516329052 4.185706739629343 0
1709516349031 3.5776413551826716 0
1709516362738 5.146933349141653 0
1709516374917 5.9073683702278 0
1709516386893 7.765612376298661 0
1709516399044 2.9673000867803316 0
1709516412085 1.7994566931433655 0
1709516428562 3.083957088518128 0
1709516441568 6.171406895655944 0
1709516456760 10.35613816181135 0
1709516473334 5.698491045505761 0
1709516490886 4.745602412639427 0
1709516523244 1.3356666248825095 0
1709516545258 8.400077871092392 0
1709516576886 7.741388765751273 0
1709516603310 2.037564332339554 0
1709516628045 3.1723939729244366 0
1709516653806 10.331818868678175 0
1709516673406 8.035723847066913 0
1709516690783 10.233506938358454 0
1709516712515 8.40270659846409 0
1709516737635 5.869555760996447 0
1709516761561 0.7628692730248551 0
1709516785927 7.760046498177481 0
1709516809668 2.078431487223228 0
1709516833431 12.204805149093753 0
1709516853769 2.4012460415293786 0
1709516872591 6.427579835032582 0
1709516891905 8.371190726141112 0
1709516912441 10.754324875681004 0
1709516934646 8.099125172210153 0
1709516953357 1.8288103777874483 0
