1709514804771 6.667712445229767 0
1709514826079 5.454707137805803 0
1709514853053 10.176581134137965 0
1709514873618 8.243822643468091 0
1709514893680 7.770218066656646 0
1709514912016 6.2488739515365275 0
1709514929273 5.422598630804603 0
1709514946961 4.582129506325838 0
1709514969098 5.098864325657758 0
1709514992313 4.566594253251365 0
1709515018310 5.567205105310267 0
1709515044824 8.556148024628776 0
1709515068298 7.633994815618586 0
1709515088857 5.869979031757511 0
1709515109323 7.041812591495435 0
1709515127649 10.016841984281664 0
1709515150692 6.770047488590494 0
1709515171448 21.912509849459504 0
1709515191913 4.236183041507153 0
1709515214292 5.789875943882839 0
1709515234772 13.67366703474321 0
1709515255630 10.570028398249704 0
1709515273836 4.4037619206886145 0
1709515293017 3.782926982722451 0
1709515312517 4.562855427385348 0
1709515332130 4.836523322150052 0
1709515353023 13.197278574450818 0
1709515372027 17.13039962288666 0
1709515391935 7.415593715034084 0
1709515411221 5.071435212061345 0
1709515429250 10.263971014558285 0
1709515447277 9.062928684634976 0
1709515466145 6.904584254015591 0
1709515485385 11.777137327908198 0
1709515504788 17.798712708117282 0
1709515524102 7.949632635159186 0
1709515541679 10.89358482064343 0
1709515560881 4.163351911321084 0
1709515580309 4.22012390028832 0
1709515599219 5.004926232221663 0
1709515618833 6.273563212298454 0
1709515638912 10.70631637870166 0
1709515658439 7.026118029891669 0
1709515674677 8.688561243732668 0
