1709512599515 5.3904305607603415 0
1709512632391 7.804476719843385 0
1709512659783 4.3178554453687905 0
1709512684892 4.480948352971659 0
1709512707515 7.066154655135421 0
1709512733882 10.014934529346366 0
1709512762665 3.760339261497652 0
1709512789472 6.111861877336103 0
1709512815153 7.452667816422644 0
1709512840052 4.369196063598384 0
1709512875512 9.59936343356263 0
1709512908526 4.626555513409249 0
1709512931634 6.401681816670798 0
1709512953032 6.30613208826253 0
1709512973414 7.508978602454944 0
1709512993628 9.624877080530647 0
1709513013795 5.109443136375228 0
1709513033773 9.897171890219711 0
1709513053303 5.803294853868091 0
1709513077775 5.09934880295613 0
1709513097387 5.066701633353385 0
1709513117047 9.10670429803277 0
1709513134731 8.486403314468946 0
1709513154450 5.661961704985041 0
1709513173344 8.990421455897367 0
1709513191869 8.640207030994938 0
1709513211926 4.997465559653564 0
1709513230489 9.624152742337976 0
1709513248917 6.404862691511793 0
1709513268576 4.378670640631823 0
1709513288179 5.878370007133283 0
1709513313123 7.440502582331647 0
1709513331501 4.197528334126691 0
1709513349785 7.772587503849062 0
1709513366301 8.32599682835165 0
1709513383500 6.409788572425968 0
1709513401167 5.9734343401822025 0
1709513418898 4.560304676800306 0
1709513436732 8.258356592152321 0
1709513453837 4.777674581571392 0
1709513472822 5.131427311960593 0
1709513492253 2.6334716058558785 0
1709513512731 7.564596034195087 0
1709513531346 9.5839956978801 0
