1709513602737 8.16271299365809 0
1709513621764 9.832393653692089 0
1709513638828 3.497191160491855 0
1709513654954 3.4017905641821597 0
1709513671398 8.8614945576102 0
1709513690085 10.164890937520354 0
1709513707442 8.399134480367923 0
1709513725035 6.955912092584812 0
1709513741898 3.998165310159606 0
1709513762101 5.072307584171217 0
1709513778983 7.33740599301936 0
1709513795533 7.077432910457263 0
1709513816515 4.456212839913951 0
1709513836701 8.802914223115831 0
1709513856821 8.954583300468096 0
1709513875848 6.13315073391312 0
1709513896219 9.694931945622413 0
1709513916460 7.359486638436126 0
1709513941145 10.58899349765952 0
1709513961603 8.78893312724969 0
1709513980619 12.21411964547638 0
1709513998678 7.688285862878744 0
1709514017164 8.393186147593577 0
1709514034605 9.517443870174063 0
1709514059661 4.671600010631409 0
1709514091322 6.616689259363368 0
1709514160043 7.524013888928834 0
1709514217779 5.71379971659539 0
1709514256939 3.5793338789231006 0
1709514280765 28.50307901807729 0
1709514321336 7.8838712302386735 0
1709514372841 3.3849902456342216 0
1709514422953 6.214372171081845 0
1709514481379 5.982999253868836 0
1709514511982 4.074993384550363 0
1709514549826 7.911823315888818 0
1709514576210 11.027211197256124 0
1709514597969 6.48897602573705 0
1709514619688 6.05020693579397 0
1709514643077 9.070831305663388 0
1709514664829 4.75440992306517 0
1709514687240 5.241885899856961 0
1709514707490 9.671156254289532 0
1709514725288 8.048953511525927 0
